58
0 
2635 0 
2713 314 0 
2437 2636 2730 0 
1600 666 706 2824 0 
2845 1096 791 3457 1247 0 
6002 4645 4588 6083 4746 5126 0 
1743 693 922 2120 716 1653 4267 0 
594 2889 2991 2040 2223 3545 6553 2296 0 
2182 287 217 2844 584 708 4826 923 2869 0 
2906 772 760 2973 1442 1298 3830 1175 3459 1004 0 
1658 1135 1050 3937 694 1342 5951 1282 2366 781 2128 0 
464 2875 2915 1958 2089 3451 6417 2162 147 2793 3322 2265 0 
3334 1424 1119 3710 1577 347 5423 1906 3741 1036 1609 1695 3607 0 
3987 2185 1776 4363 2230 1126 6089 2559 4399 1694 2266 2353 4265 665 0 
2870 1193 1451 2941 1609 1989 3142 1133 3417 1694 693 2819 3283 2300 2957 0 
2601 846 5410 3207 1003 250 4876 1352 3163 458 1041 1117 3029 578 1236 1734 0 
330 2142 2182 1991 1260 2736 5676 1422 924 1844 2585 1557 931 2845 3706 2543 2267 0 
3049 1127 846 3512 1297 138 5181 1651 3462 757 1353 1416 3328 474 992 2044 300 2566 0 
1302 3104 3333 1571 2535 3786 6678 2423 681 3125 3586 2636 817 4116 4774 3544 3542 1273 3841 0 
3399 1484 578 3392 1511 888 4720 1588 3734 1096 887 1755 3600 1216 1471 1578 638 2905 945 3998 0 
1946 490 721 2013 908 1452 4074 209 2493 827 974 1608 2359 1705 2358 932 1202 1619 1507 2620 1383 0 
1278 990 1030 2922 324 1671 5071 1030 1934 908 2553 456 1876 1901 2654 1939 1328 1175 1627 2217 1835 1238 0 
669 1950 1990 2368 1116 2336 5724 1461 1377 1702 2624 1002 1267 2693 3346 2582 2094 564 2393 1647 2627 1612 801 0 
627 2855 2895 2170 2183 3431 6675 2420 130 2773 3583 2245 200 3848 4589 3304 3187 1068 3486 693 3846 2617 1865 1256 0 
2878 975 670 3336 1126 124 5000 1538 3402 587 1177 1246 3158 652 1177 1868 129 2600 178 3665 767 1332 1450 2083 3310 0 
1737 926 835 3503 260 1165 4993 965 2449 844 1488 257 2339 1480 2151 1861 915 1638 1214 2676 1771 1174 554 1252 2324 1044 0 
3124 1214 909 3500 1367 189 5221 1716 3531 826 1398 1485 3397 224 887 2089 368 2841 254 3906 788 1495 2243 2324 3551 432 1275 0 
2878 599 287 2884 996 640 4494 1112 3219 455 673 1225 3120 968 1564 1362 390 2470 652 3487 520 875 1546 2058 3185 519 1023 758 0 
307 2535 2575 2109 1863 3110 6265 2010 343 2453 3173 1925 211 3547 4099 3131 2866 770 3165 1052 3380 2211 1545 936 372 2995 2004 3236 2865 0 
5217 3860 3803 5298 3961 4341 785 3482 5766 4041 3045 5166 5632 4648 5304 2357 4091 5113 4396 5893 3925 3289 4286 4929 5890 4215 4208 4436 3709 5480 0 
799 3027 3067 2108 2355 3603 6776 2521 228 2945 3684 2417 366 4020 4591 3642 3359 1240 3658 537 3872 2718 2037 1428 190 3487 2496 4225 3036 549 5991 0 
3305 1407 1102 3643 1565 489 5265 1839 3724 1019 1444 1678 3590 176 818 2133 561 3039 531 4108 938 1634 1889 2517 3754 709 1468 283 478 3434 4480 3926 0 
3716 1811 1505 4092 1959 855 5756 2288 4128 1423 1935 2082 4004 394 262 2624 965 3433 730 4503 1200 2087 2293 2686 4148 908 1637 606 1293 3828 4971 4320 547 0 
2251 359 158 2934 660 730 4628 1000 2883 75 941 871 2766 1153 1716 1491 480 2134 1079 3201 842 774 984 1841 2849 609 669 848 354 2529 3843 3021 1041 1444 0 
2878 1060 439 3093 1106 364 4747 1289 3277 572 926 1231 3134 692 1350 1615 114 2580 374 3635 524 1109 1542 2057 3295 243 1022 482 274 2975 3962 3467 675 1016 594 0 
3467 1557 1248 3843 1710 598 5511 2039 3870 1165 1686 1824 3736 137 528 2379 711 3184 476 4249 943 1838 2040 2806 3899 639 1627 359 1036 3579 4791 4171 290 257 1187 759 0 
4316 2959 2902 4391 3060 3440 1686 2551 4835 3140 2149 4265 4701 3752 4408 1456 3190 4182 3495 4962 3024 2388 3385 4038 4959 3314 3307 3535 2808 4549 901 5060 3579 4002 2942 3061 3825 0 
2963 394 287 2763 991 841 4276 955 3214 560 455 1290 3185 1169 1827 1144 591 2465 856 3366 607 754 1315 2123 3180 720 1088 959 366 2860 3491 3352 1152 1493 329 705 1236 2590 0 
512 2740 2780 2083 2068 3316 6472 2217 184 2658 3380 2130 135 3744 4306 3338 3072 953 3371 800 3585 2414 1750 1141 125 3200 2209 3441 3070 257 5687 297 3639 4041 2734 3180 3784 4848 3065 0 
2515 98 276 2543 523 919 4447 715 2746 227 894 1019 2914 1301 1905 1310 669 1997 968 3064 892 607 847 1849 2712 798 783 1037 447 2392 3662 2884 1230 1638 148 635 1381 2761 432 2597 0 
4850 3538 3436 4925 3594 3974 2230 3125 4875 3674 2688 4799 5274 4291 4947 1990 3724 4756 4029 5536 3558 2922 3919 4572 5533 3848 3841 4069 3342 5123 1445 5634 4113 4604 3476 3595 4359 544 3124 5330 3294 0 
1937 856 771 3236 434 1063 5167 1145 2492 502 1433 279 2267 1420 2073 2035 846 1834 1140 2804 1470 1348 600 1275 2524 969 184 1210 949 2204 4615 2696 1402 1802 567 971 1553 3481 1014 2409 722 4015 0 
367 2026 2066 2107 1354 2620 5784 1529 925 1944 2692 1441 815 3047 3590 2650 2379 114 2678 1385 2871 1726 1061 452 954 2486 1524 2727 2356 656 4999 1126 2925 3319 2020 2466 3070 4068 2351 839 1883 4642 1720 0 
3601 1710 1395 3939 1861 940 5561 2131 4017 1312 1740 1971 3883 479 562 2429 854 3335 806 4401 1288 1930 2182 2805 4050 984 1756 701 708 3730 4776 4222 213 354 1335 968 342 3875 1445 3935 1423 4409 1698 3221 0 
3936 1733 1740 4274 2196 1090 5891 2466 4362 1650 2070 2309 4221 629 607 2759 1192 3670 960 4739 1438 2265 2510 3143 4385 1138 2094 851 837 4065 5106 4557 435 229 1672 1306 492 4505 1783 4270 1783 4739 2037 3556 273 0 
2430 508 407 3008 658 722 4902 1087 2985 170 1081 772 2667 1059 1717 1770 392 2388 691 3199 1118 991 1093 1610 2836 528 570 702 577 2527 4117 3008 802 1356 243 506 1099 3145 602 2721 391 3750 554 2274 1340 1668 0 
2691 194 279 2522 750 921 4353 718 2973 383 696 1148 3043 1249 2093 1216 671 2349 978 3129 742 517 1074 2020 2939 800 946 1039 367 2619 3568 3114 1232 1849 287 705 1592 2667 345 2923 192 3201 852 2235 1525 1863 520 0 
2087 532 334 3006 563 761 4922 1083 2831 169 1101 618 2606 1079 1742 1790 511 1984 810 3032 1143 983 887 1612 2644 640 523 879 623 2354 4137 2846 1072 1475 268 625 1218 3236 688 2559 416 3770 339 1870 1355 1693 86 543 0 
1861 2906 3135 806 2929 3866 6480 2225 1544 3136 3388 2844 1451 4119 4772 3346 3565 1715 3864 1070 3801 2422 2425 1869 1669 3751 3178 3929 3325 1608 5695 1607 4052 4501 3213 3502 4252 4764 3168 1582 2928 5338 3004 1601 4344 4679 3299 2931 3295 0 
2358 435 337 2936 586 652 4759 1015 2913 98 1009 700 2595 982 1645 1622 408 2068 707 3122 1046 919 1021 1542 2764 536 498 777 525 2444 3969 2936 970 1139 171 524 1115 3073 590 2649 319 3607 429 1954 1258 1596 72 448 97 3227 0 
2263 335 235 3026 668 754 4771 960 2891 80 950 802 2697 967 1747 1639 388 2074 687 3209 976 880 992 1642 2857 517 600 756 523 2537 3986 3162 949 1352 107 502 1095 3083 488 2753 217 3617 533 1960 942 1580 170 342 199 3206 102 0 
1425 2470 2699 947 2493 3430 6044 1789 1103 2700 2952 2413 1011 3683 4036 2910 3129 1284 3428 634 3365 1986 1994 1422 1233 3315 2742 3493 2889 1172 5259 1171 3616 4065 2777 3066 3816 4328 2732 1146 2492 4902 2571 1170 3908 4243 2864 2495 2859 446 2791 2770 0 
2266 137 451 2464 494 1096 4299 537 2717 411 1063 1188 2563 1424 2082 1162 846 1968 1145 2948 1076 459 818 1748 2683 975 754 1214 631 2406 3514 2855 1407 1839 315 960 1560 2613 498 2568 184 3147 889 1854 1700 2038 558 239 588 2750 486 389 2314 0 
2166 234 546 2364 557 1191 4199 436 2655 508 964 1248 2623 1421 2179 1062 950 2031 1249 2846 1174 359 881 1811 2746 1078 817 1311 728 2305 3414 2918 1511 1931 419 1064 1672 2513 589 2651 282 3047 993 1917 1798 2134 662 288 692 2649 590 497 2213 112 0 
3870 2072 1882 4208 2130 1232 5830 2400 4504 1584 2009 2243 4155 771 760 2698 1126 3604 1096 4673 1185 2199 2454 3082 4319 1274 2033 1494 1635 3999 5045 4491 413 300 1606 1240 634 4144 1717 4204 1795 4678 1967 3490 312 254 1489 1797 1637 4617 1535 1514 4181 1972 2076 0 
1417 1196 2699 3116 524 1582 5271 1238 1972 948 1972 248 1834 1939 2592 2139 1347 1340 1646 2395 1989 1438 432 754 2004 1329 498 1570 1304 1684 4708 2176 1763 1932 1087 1303 1908 3590 1369 1889 1095 4124 527 1226 2051 2389 856 1266 858 2417 8700 888 2105 994 1057 2328 0 
739 1517 1557 2390 851 2098 5404 1199 1447 1435 2286 1210 1337 2901 3554 2278 1860 636 2159 1681 2951 1350 1394 259 1326 1189 1460 2532 2266 1006 4619 1498 2725 2899 2049 1974 2570 3718 2331 1211 2042 4252 1123 522 3033 3351 1434 1878 1339 1882 1441 1543 1446 1345 1408 2986 962 0 
